docs/source/tutorials/river_flow_dynamics/DEM_GreenRiver_80x78_25x25.asc
NCOLS 78
NROWS 80
XLLCORNER 644757.193
YLLCORNER 4472500.0
CELLSIZE 25.0
NODATA_VALUE -9999.0
[rows 31 to 61 of 80, columns 0 to 69 of 78]
-9999.0 -9999.0 -9999.0 -9999.0 -9999.0 -9999.0 -9999.0 -9999.0 -9999.0 -9999.0 -9999.0 -9999.0 -9999.0 -9999.0 -9999.0 -9999.0 476.00 464.93 459.10 455.55 453.47 451.67 450.21 448.74 444.97 444.80 444.96 445.25 445.20 452.73 464.44 472.51 478.57 484.78 485.08 485.15 484.98 485.02 485.05 484.98 -9999.0 -9999.0 -9999.0 -9999.0 -9999.0 -9999.0 -9999.0 -9999.0 -9999.0 -9999.0 -9999.0 -9999.0 -9999.0 -9999.0 -9999.0 -9999.0 -9999.0 -9999.0 -9999.0 -9999.0 -9999.0 -9999.0 -9999.0 -9999.0 -9999.0 -9999.0 -9999.0 465.15 465.45 465.91
-9999.0 -9999.0 -9999.0 -9999.0 -9999.0 -9999.0 -9999.0 -9999.0 -9999.0 -9999.0 -9999.0 -9999.0 -9999.0 -9999.0 -9999.0 -9999.0 481.68 469.12 462.56 458.17 454.36 452.24 450.99 449.77 446.80 444.90 444.62 445.23 445.31 446.53 457.02 469.30 477.80 484.75 485.22 485.11 484.91 484.81 484.69 484.82 484.85 -9999.0 -9999.0 -9999.0 -9999.0 -9999.0 -9999.0 -9999.0 -9999.0 -9999.0 -9999.0 -9999.0 -9999.0 -9999.0 -9999.0 -9999.0 -9999.0 -9999.0 -9999.0 -9999.0 -9999.0 -9999.0 -9999.0 -9999.0 -9999.0 465.37 465.08 465.09 465.46 466.03
-9999.0 -9999.0 -9999.0 -9999.0 -9999.0 -9999.0 -9999.0 -9999.0 -9999.0 -9999.0 -9999.0 -9999.0 -9999.0 -9999.0 -9999.0 -9999.0 -9999.0 472.83 465.88 460.22 455.71 453.30 451.64 450.63 449.44 445.53 444.67 444.93 445.35 445.80 450.45 462.99 474.71 484.04 484.98 484.75 484.62 484.58 484.58 484.65 484.70 -9999.0 -9999.0 -9999.0 -9999.0 -9999.0 -9999.0 -9999.0 -9999.0 -9999.0 -9999.0 -9999.0 -9999.0 -9999.0 -9999.0 -9999.0 -9999.0 -9999.0 -9999.0 -9999.0 -9999.0 -9999.0 -9999.0 466.78 465.83 465.11 465.02 465.14 465.77 465.94
-9999.0 -9999.0 -9999.0 -9999.0 -9999.0 -9999.0 -9999.0 -9999.0 -9999.0 -9999.0 -9999.0 -9999.0 -9999.0 -9999.0 -9999.0 -9999.0 -9999.0 476.13 469.88 462.97 458.41 454.83 452.40 451.31 450.08 446.09 444.78 444.76 445.06 445.99 445.94 455.37 466.89 477.10 483.81 484.36 484.41 484.44 484.49 484.46 484.56 -9999.0 -9999.0 -9999.0 -9999.0 -9999.0 -9999.0 -9999.0 -9999.0 -9999.0 -9999.0 -9999.0 -9999.0 -9999.0 -9999.0 -9999.0 -9999.0 -9999.0 -9999.0 -9999.0 -9999.0 467.01 466.81 466.33 465.44 464.94 464.97 465.24 465.91 465.91
-9999.0 -9999.0 -9999.0 -9999.0 -9999.0 -9999.0 -9999.0 -9999.0 -9999.0 -9999.0 -9999.0 -9999.0 -9999.0 -9999.0 -9999.0 -9999.0 -9999.0 -9999.0 472.65 465.12 463.07 456.55 453.96 452.72 451.40 450.41 445.26 444.82 445.25 445.63 446.31 448.03 454.87 463.68 477.09 483.83 484.30 484.35 484.34 484.38 484.31 484.36 -9999.0 -9999.0 -9999.0 -9999.0 -9999.0 -9999.0 -9999.0 -9999.0 -9999.0 -9999.0 -9999.0 -9999.0 -9999.0 -9999.0 -9999.0 -9999.0 467.32 466.79 466.42 466.33 466.29 465.87 465.20 464.84 464.96 465.20 465.79 465.77
-9999.0 -9999.0 -9999.0 -9999.0 -9999.0 -9999.0 -9999.0 -9999.0 -9999.0 -9999.0 -9999.0 -9999.0 -9999.0 -9999.0 -9999.0 -9999.0 -9999.0 -9999.0 475.12 470.98 462.97 458.91 455.79 454.01 452.99 449.86 446.19 444.79 445.40 445.34 445.90 446.76 448.49 455.03 464.91 479.09 483.82 484.02 484.12 484.13 484.12 484.09 484.20 -9999.0 -9999.0 -9999.0 -9999.0 -9999.0 -9999.0 -9999.0 -9999.0 -9999.0 -9999.0 -9999.0 -9999.0 -9999.0 -9999.0 467.00 466.32 466.02 465.89 465.85 465.82 465.40 464.87 464.60 464.81 465.25 465.64 465.58
-9999.0 -9999.0 -9999.0 -9999.0 -9999.0 -9999.0 -9999.0 -9999.0 -9999.0 -9999.0 -9999.0 -9999.0 -9999.0 -9999.0 -9999.0 -9999.0 -9999.0 -9999.0 -9999.0 472.65 467.75 460.41 457.23 456.11 454.88 451.09 446.45 444.70 445.76 445.79 445.41 446.35 446.98 449.32 456.16 466.89 476.79 483.07 483.70 483.82 483.98 483.94 483.92 483.89 -9999.0 -9999.0 -9999.0 -9999.0 -9999.0 -9999.0 -9999.0 -9999.0 -9999.0 -9999.0 467.99 467.40 466.88 466.23 466.00 465.89 465.87 465.56 465.35 464.93 464.48 464.40 464.93 465.15 465.51 465.47
-9999.0 -9999.0 -9999.0 -9999.0 -9999.0 -9999.0 -9999.0 -9999.0 -9999.0 -9999.0 -9999.0 -9999.0 -9999.0 -9999.0 -9999.0 -9999.0 -9999.0 -9999.0 -9999.0 475.75 472.18 465.19 459.71 457.29 454.00 452.15 445.65 445.14 445.95 446.44 445.70 445.43 446.89 446.80 451.44 457.57 464.10 472.79 480.60 483.38 483.56 483.52 483.51 482.63 480.59 -9999.0 -9999.0 -9999.0 -9999.0 -9999.0 -9999.0 -9999.0 468.77 467.86 467.12 466.58 465.93 466.13 466.18 466.15 466.12 465.75 465.16 464.52 464.39 464.31 464.63 464.95 464.97 464.92
-9999.0 -9999.0 -9999.0 -9999.0 -9999.0 -9999.0 -9999.0 -9999.0 -9999.0 -9999.0 -9999.0 -9999.0 -9999.0 -9999.0 -9999.0 -9999.0 -9999.0 -9999.0 -9999.0 -9999.0 470.07 465.85 461.22 459.29 457.24 453.08 445.44 445.37 445.56 446.46 449.74 445.17 445.92 446.60 446.85 450.82 456.60 463.12 473.10 482.76 483.14 482.95 479.08 476.37 473.10 471.79 471.05 -9999.0 -9999.0 -9999.0 469.61 468.97 468.09 467.44 466.91 466.81 466.91 467.23 467.11 466.98 466.65 466.06 465.02 464.42 464.34 464.31 464.68 464.77 464.64 464.36
-9999.0 -9999.0 -9999.0 -9999.0 -9999.0 -9999.0 -9999.0 -9999.0 -9999.0 -9999.0 -9999.0 -9999.0 -9999.0 -9999.0 -9999.0 -9999.0 -9999.0 -9999.0 -9999.0 -9999.0 470.03 464.39 463.95 461.50 457.97 454.29 446.05 445.22 445.28 446.13 448.32 446.64 445.60 446.01 446.27 446.39 450.90 456.23 468.43 480.77 482.29 480.13 473.85 470.07 469.57 468.91 468.80 469.37 469.03 468.82 468.50 468.08 467.65 467.20 467.12 467.27 467.19 467.41 467.47 466.78 466.42 465.90 464.94 464.39 464.34 464.43 464.84 464.98 464.73 463.59
-9999.0 -9999.0 -9999.0 -9999.0 -9999.0 -9999.0 -9999.0 -9999.0 -9999.0 -9999.0 -9999.0 -9999.0 -9999.0 -9999.0 -9999.0 -9999.0 -9999.0 -9999.0 -9999.0 -9999.0 -9999.0 467.03 467.46 465.76 459.37 454.61 447.86 444.68 445.23 445.66 447.89 447.22 446.66 445.88 445.96 446.30 446.52 447.35 455.64 469.23 474.68 470.10 466.95 467.22 467.70 467.02 467.60 468.54 468.29 468.15 467.79 467.43 467.21 467.37 467.52 467.24 467.29 467.25 467.18 466.25 465.92 465.36 464.96 464.44 464.45 464.90 465.05 465.03 464.94 464.51
-9999.0 -9999.0 -9999.0 -9999.0 -9999.0 -9999.0 -9999.0 -9999.0 -9999.0 -9999.0 -9999.0 -9999.0 -9999.0 -9999.0 -9999.0 -9999.0 -9999.0 -9999.0 -9999.0 -9999.0 -9999.0 471.73 473.98 469.18 463.72 458.39 452.53 446.86 445.73 445.17 446.41 447.42 446.79 447.47 446.17 446.07 446.19 446.22 446.15 448.33 456.71 459.24 464.69 465.43 463.43 464.87 468.08 469.05 468.02 467.69 467.53 467.16 466.99 467.32 467.40 466.80 466.62 466.82 466.62 465.39 464.95 464.81 465.36 465.41 465.38 465.51 465.34 465.16 465.03 463.71
-9999.0 -9999.0 -9999.0 -9999.0 -9999.0 -9999.0 -9999.0 -9999.0 -9999.0 -9999.0 -9999.0 -9999.0 -9999.0 -9999.0 -9999.0 -9999.0 -9999.0 -9999.0 -9999.0 -9999.0 -9999.0 -9999.0 481.81 477.48 471.03 463.20 457.88 451.28 446.09 445.24 445.81 446.52 446.52 446.85 449.42 447.38 446.21 446.25 446.25 446.05 445.96 447.82 451.80 455.04 458.69 464.07 467.00 468.55 467.93 468.28 467.96 466.26 466.78 466.54 466.73 466.01 464.87 465.62 465.61 464.74 464.53 464.55 465.21 465.62 465.73 465.64 465.44 465.40 465.30 462.53
-9999.0 -9999.0 -9999.0 -9999.0 -9999.0 -9999.0 -9999.0 -9999.0 -9999.0 -9999.0 -9999.0 -9999.0 -9999.0 -9999.0 -9999.0 -9999.0 -9999.0 -9999.0 -9999.0 -9999.0 -9999.0 -9999.0 486.56 485.90 473.45 464.08 457.38 455.59 448.61 445.46 445.15 446.05 446.34 446.35 446.99 449.27 449.16 446.51 446.42 446.43 446.26 446.21 446.22 446.31 449.27 454.04 463.10 466.23 467.15 469.15 469.28 467.29 466.51 466.19 465.79 465.65 465.73 465.54 465.29 464.59 464.49 464.58 465.34 465.82 465.67 465.68 465.70 465.75 465.42 460.36
-9999.0 -9999.0 -9999.0 -9999.0 -9999.0 -9999.0 -9999.0 -9999.0 -9999.0 -9999.0 -9999.0 -9999.0 -9999.0 -9999.0 -9999.0 -9999.0 -9999.0 -9999.0 -9999.0 -9999.0 -9999.0 -9999.0 -9999.0 480.06 475.87 474.68 467.34 460.34 454.46 447.63 445.34 445.63 446.05 446.28 446.39 446.44 448.92 449.05 449.01 448.57 446.40 446.40 446.20 446.29 446.23 446.51 451.03 461.74 465.79 467.46 468.79 469.25 466.44 466.06 465.85 466.02 466.04 465.48 465.42 465.39 464.66 465.33 466.10 466.82 467.04 467.24 466.42 465.83 463.01 456.84
-9999.0 -9999.0 -9999.0 -9999.0 -9999.0 -9999.0 -9999.0 -9999.0 -9999.0 -9999.0 -9999.0 -9999.0 -9999.0 -9999.0 -9999.0 -9999.0 -9999.0 -9999.0 -9999.0 -9999.0 -9999.0 -9999.0 -9999.0 488.34 484.59 479.56 472.89 462.90 459.99 460.82 448.09 445.49 445.82 446.17 446.13 446.04 446.39 448.87 449.08 449.30 449.67 451.07 448.06 446.32 446.18 446.19 446.20 448.54 456.96 464.50 466.47 468.14 468.53 467.61 465.65 465.19 464.42 464.37 465.41 466.02 465.29 465.65 466.51 467.11 466.49 465.50 463.79 459.75 454.80 452.89
-9999.0 -9999.0 -9999.0 -9999.0 -9999.0 -9999.0 -9999.0 -9999.0 -9999.0 -9999.0 -9999.0 -9999.0 -9999.0 -9999.0 -9999.0 -9999.0 -9999.0 -9999.0 -9999.0 -9999.0 -9999.0 -9999.0 -9999.0 496.04 490.41 484.14 480.66 468.31 463.24 465.84 458.28 448.50 445.59 445.79 446.18 446.26 446.07 446.08 448.65 449.31 449.43 449.62 450.58 450.98 449.13 446.66 446.04 446.25 446.81 450.83 460.21 464.93 466.22 465.89 464.54 463.71 463.46 464.39 466.08 467.08 466.25 466.29 465.86 464.77 461.50 457.54 454.84 453.13 452.11 451.86
-9999.0 -9999.0 -9999.0 -9999.0 -9999.0 -9999.0 -9999.0 -9999.0 -9999.0 -9999.0 -9999.0 -9999.0 -9999.0 -9999.0 -9999.0 -9999.0 -9999.0 -9999.0 -9999.0 -9999.0 -9999.0 -9999.0 -9999.0 -9999.0 492.40 489.79 489.30 476.31 471.12 469.91 469.33 465.75 452.62 446.04 445.50 446.02 446.22 446.16 446.08 448.17 449.52 449.54 450.45 450.92 451.34 450.09 448.51 446.09 446.02 446.34 446.91 451.72 462.30 463.03 462.90 462.61 463.48 465.12 466.42 465.93 464.64 463.08 460.03 455.98 453.97 453.00 452.22 451.84 451.86 451.90
-9999.0 -9999.0 -9999.0 -9999.0 -9999.0 -9999.0 -9999.0 -9999.0 -9999.0 -9999.0 -9999.0 -9999.0 -9999.0 -9999.0 -9999.0 -9999.0 -9999.0 -9999.0 -9999.0 -9999.0 -9999.0 -9999.0 -9999.0 -9999.0 499.68 496.77 495.51 484.82 479.08 471.55 475.48 475.38 465.27 456.24 447.24 445.59 445.81 446.05 446.18 446.20 449.01 449.88 449.75 450.25 450.94 451.27 449.19 448.82 447.07 446.33 446.06 445.87 446.95 456.89 460.13 460.99 461.20 464.53 464.05 461.23 457.77 455.22 453.66 452.80 452.23 452.02 451.93 452.03 452.17 452.04
-9999.0 -9999.0 -9999.0 -9999.0 -9999.0 -9999.0 -9999.0 -9999.0 -9999.0 -9999.0 -9999.0 -9999.0 -9999.0 -9999.0 -9999.0 -9999.0 -9999.0 -9999.0 -9999.0 -9999.0 -9999.0 -9999.0 -9999.0 -9999.0 -9999.0 506.50 501.96 494.84 487.80 482.64 479.10 484.57 483.85 471.65 457.99 448.25 445.89 445.75 445.91 446.18 446.50 450.03 449.84 449.83 449.62 450.55 451.34 448.86 448.79 448.81 447.50 446.47 445.84 446.73 452.82 454.86 455.96 457.81 455.74 454.05 453.26 452.68 452.37 452.25 452.27 452.26 452.38 452.43 452.31 452.05
-9999.0 -9999.0 -9999.0 -9999.0 -9999.0 -9999.0 -9999.0 -9999.0 -9999.0 -9999.0 -9999.0 -9999.0 -9999.0 -9999.0 -9999.0 -9999.0 -9999.0 -9999.0 -9999.0 -9999.0 -9999.0 -9999.0 -9999.0 -9999.0 -9999.0 514.42 506.93 504.92 499.96 491.44 483.68 490.48 492.87 487.79 473.24 457.64 450.10 445.86 445.69 445.75 446.07 446.49 449.88 449.91 449.99 449.26 450.25 449.25 449.74 448.75 450.22 448.59 446.68 446.24 446.66 451.60 453.41 453.00 452.60 452.32 452.25 452.35 452.44 452.47 452.54 452.71 452.96 452.95 452.73 453.02
-9999.0 -9999.0 -9999.0 -9999.0 -9999.0 -9999.0 -9999.0 -9999.0 -9999.0 -9999.0 -9999.0 -9999.0 -9999.0 -9999.0 -9999.0 -9999.0 -9999.0 -9999.0 -9999.0 -9999.0 -9999.0 -9999.0 -9999.0 -9999.0 -9999.0 -9999.0 514.28 509.96 511.22 499.14 494.10 493.81 497.45 496.09 481.74 462.57 455.81 451.11 445.66 445.57 445.64 446.01 447.79 449.79 450.29 449.96 449.61 450.22 449.25 448.88 448.45 448.44 447.85 446.70 446.45 447.12 451.82 451.91 452.15 452.28 452.34 452.30 452.26 452.43 452.74 453.24 453.57 453.15 452.75 452.73
-9999.0 -9999.0 -9999.0 -9999.0 -9999.0 -9999.0 -9999.0 -9999.0 -9999.0 -9999.0 -9999.0 -9999.0 -9999.0 -9999.0 -9999.0 -9999.0 -9999.0 -9999.0 -9999.0 -9999.0 -9999.0 -9999.0 -9999.0 -9999.0 -9999.0 -9999.0 524.08 520.75 517.21 504.37 502.46 503.66 501.62 502.00 487.67 470.46 462.02 458.11 449.76 446.25 445.28 445.65 446.10 448.70 450.15 450.05 450.14 449.58 449.70 449.78 449.91 448.69 448.38 446.91 446.61 446.85 446.89 449.35 451.64 452.40 452.39 452.08 451.92 452.23 452.65 453.09 453.20 453.05 453.14 452.38
-9999.0 -9999.0 -9999.0 -9999.0 -9999.0 -9999.0 -9999.0 -9999.0 -9999.0 -9999.0 -9999.0 -9999.0 -9999.0 -9999.0 -9999.0 -9999.0 -9999.0 -9999.0 -9999.0 -9999.0 -9999.0 -9999.0 -9999.0 -9999.0 -9999.0 -9999.0 537.01 534.90 524.48 512.11 512.76 510.07 507.34 505.34 492.98 477.72 466.62 461.38 452.97 449.37 445.89 445.33 445.67 446.11 448.22 449.87 450.01 449.93 450.38 452.12 450.73 448.84 448.20 447.87 446.79 446.83 446.76 448.36 450.63 449.79 450.49 450.89 450.98 451.04 451.27 451.55 451.72 451.94 452.28 451.98
-9999.0 -9999.0 -9999.0 -9999.0 -9999.0 -9999.0 -9999.0 -9999.0 -9999.0 -9999.0 -9999.0 -9999.0 -9999.0 -9999.0 -9999.0 -9999.0 -9999.0 -9999.0 -9999.0 -9999.0 -9999.0 -9999.0 -9999.0 -9999.0 -9999.0 -9999.0 -9999.0 546.59 535.46 525.71 520.01 518.99 514.80 509.68 499.92 479.92 468.91 458.91 453.23 452.11 449.33 446.04 445.03 445.62 446.21 446.96 450.20 449.88 449.49 449.07 449.14 448.84 448.74 448.28 446.87 446.68 446.88 448.74 448.89 450.46 449.50 449.98 449.88 449.79 449.59 449.86 449.96 450.37 450.95 450.83
-9999.0 -9999.0 -9999.0 -9999.0 -9999.0 -9999.0 -9999.0 -9999.0 -9999.0 -9999.0 -9999.0 -9999.0 -9999.0 -9999.0 -9999.0 -9999.0 -9999.0 -9999.0 -9999.0 -9999.0 -9999.0 -9999.0 -9999.0 -9999.0 -9999.0 -9999.0 -9999.0 550.03 545.37 535.89 529.87 526.23 520.71 512.31 496.41 479.56 468.62 461.58 456.34 455.67 453.54 450.97 446.39 445.15 445.56 446.24 446.78 450.89 449.55 449.02 448.99 448.76 448.84 448.32 447.48 446.72 446.83 447.45 450.11 449.63 449.34 449.70 450.40 450.26 450.14 450.04 449.83 449.80 450.33 449.79
-9999.0 -9999.0 -9999.0 -9999.0 -9999.0 -9999.0 -9999.0 -9999.0 -9999.0 -9999.0 -9999.0 -9999.0 -9999.0 -9999.0 -9999.0 -9999.0 -9999.0 -9999.0 -9999.0 -9999.0 -9999.0 -9999.0 -9999.0 -9999.0 -9999.0 -9999.0 -9999.0 -9999.0 550.19 546.47 542.36 539.04 526.38 513.81 504.38 490.95 473.31 463.53 461.90 460.18 457.72 454.05 450.68 446.54 445.61 445.56 446.05 446.32 447.90 448.42 448.48 448.40 448.55 448.37 447.81 446.85 446.62 448.46 447.74 450.16 449.76 449.41 449.71 450.04 450.16 450.22 450.35 449.44 449.84 449.97
-9999.0 -9999.0 -9999.0 -9999.0 -9999.0 -9999.0 -9999.0 -9999.0 -9999.0 -9999.0 -9999.0 -9999.0 -9999.0 -9999.0 -9999.0 -9999.0 -9999.0 -9999.0 -9999.0 -9999.0 -9999.0 -9999.0 -9999.0 -9999.0 -9999.0 -9999.0 -9999.0 -9999.0 550.37 549.96 549.36 545.45 532.78 521.09 509.82 495.67 478.30 472.34 471.21 466.04 461.59 458.12 454.33 450.49 446.28 445.73 445.75 446.19 446.20 446.67 447.23 447.40 447.60 447.80 447.90 447.02 446.64 448.43 449.01 447.71 449.51 449.61 449.71 449.83 449.70 450.23 450.13 450.01 449.86 450.02
-9999.0 -9999.0 -9999.0 -9999.0 -9999.0 -9999.0 -9999.0 -9999.0 -9999.0 -9999.0 -9999.0 -9999.0 -9999.0 -9999.0 -9999.0 -9999.0 -9999.0 -9999.0 -9999.0 -9999.0 -9999.0 -9999.0 -9999.0 -9999.0 -9999.0 -9999.0 -9999.0 -9999.0 -9999.0 550.08 549.69 548.49 537.14 526.90 519.09 505.31 488.06 482.33 476.74 471.80 466.65 461.91 457.65 454.56 450.99 446.86 445.90 446.08 446.18 446.24 446.29 446.56 446.86 447.08 447.31 447.07 446.77 447.30 448.62 448.83 447.83 449.79 449.72 449.94 449.80 449.82 450.02 450.10 450.30 450.39
-9999.0 -9999.0 -9999.0 -9999.0 -9999.0 -9999.0 -9999.0 -9999.0 -9999.0 -9999.0 -9999.0 -9999.0 -9999.0 -9999.0 -9999.0 -9999.0 -9999.0 -9999.0 -9999.0 -9999.0 -9999.0 -9999.0 -9999.0 -9999.0 -9999.0 -9999.0 -9999.0 -9999.0 -9999.0 550.12 549.86 549.43 544.71 535.80 530.23 515.20 498.52 493.79 484.80 480.32 473.17 466.73 461.40 457.60 455.01 452.49 447.05 446.46 446.24 446.52 446.52 446.49 446.41 446.32 446.45 446.63 446.71 446.86 447.47 448.73 448.82 448.69 449.91 449.99 449.94 449.87 450.10 450.15 450.10 450.27
-9999.0 -9999.0 -9999.0 -9999.0 -9999.0 -9999.0 -9999.0 -9999.0 -9999.0 -9999.0 -9999.0 -9999.0 -9999.0 -9999.0 -9999.0 -9999.0 -9999.0 -9999.0 -9999.0 -9999.0 -9999.0 -9999.0 -9999.0 -9999.0 -9999.0 -9999.0 -9999.0 -9999.0 -9999.0 -9999.0 550.22 549.86 548.60 545.12 540.47 523.32 508.07 495.55 491.06 484.16 477.44 470.48 466.17 460.89 456.81 455.11 452.66 449.34 446.56 446.15 446.69 446.83 446.90 446.77 446.56 446.27 445.89 446.16 446.48 447.26 448.38 448.03 448.58 449.86 449.98 450.03 449.87 449.84 449.91 450.23
