docs/source/tutorials/river_flow_dynamics/DEM_GreenRiver_100x98_20x20.asc
NCOLS 98
NROWS 100
XLLCORNER 644757.193
YLLCORNER 4472500.0
CELLSIZE 20.0
NODATA_VALUE -9999.0
[rows 31 to 61 of 100, columns 0 to 69 of 98]
-9999.0 -9999.0 -9999.0 -9999.0 -9999.0 -9999.0 -9999.0 -9999.0 -9999.0 -9999.0 -9999.0 -9999.0 -9999.0 -9999.0 -9999.0 -9999.0 486.77 470.98 464.83 459.73 456.79 454.45 452.59 451.00 446.21 444.92 445.26 445.47 445.12 445.07 445.06 446.21 450.42 455.52 464.03 471.96 475.92 480.32 482.80 484.21 484.59 484.81 484.64 484.65 484.54 484.55 484.65 -9999.0 -9999.0 -9999.0 -9999.0 -9999.0 -9999.0 -9999.0 -9999.0 -9999.0 -9999.0 -9999.0 -9999.0 -9999.0 -9999.0 -9999.0 -9999.0 -9999.0 -9999.0 -9999.0 -9999.0 -9999.0 -9999.0 -9999.0
-9999.0 -9999.0 -9999.0 -9999.0 -9999.0 -9999.0 -9999.0 -9999.0 -9999.0 -9999.0 -9999.0 -9999.0 -9999.0 -9999.0 -9999.0 -9999.0 487.60 475.67 466.87 461.39 457.38 455.13 453.60 452.41 449.99 445.25 445.05 445.37 445.34 445.20 445.09 445.08 448.07 452.80 459.94 468.96 476.99 481.16 483.43 484.41 484.47 484.57 484.71 484.68 484.68 484.70 484.71 -9999.0 -9999.0 -9999.0 -9999.0 -9999.0 -9999.0 -9999.0 -9999.0 -9999.0 -9999.0 -9999.0 -9999.0 -9999.0 -9999.0 -9999.0 -9999.0 -9999.0 -9999.0 -9999.0 -9999.0 -9999.0 -9999.0 -9999.0
-9999.0 -9999.0 -9999.0 -9999.0 -9999.0 -9999.0 -9999.0 -9999.0 -9999.0 -9999.0 -9999.0 -9999.0 -9999.0 -9999.0 -9999.0 -9999.0 -9999.0 480.56 470.44 462.79 458.78 456.64 454.73 453.18 451.55 446.67 444.97 445.32 445.38 445.08 445.05 445.05 445.43 450.90 455.86 462.35 473.92 481.58 483.56 484.23 484.40 484.56 484.66 484.69 484.78 484.77 484.87 484.92 -9999.0 -9999.0 -9999.0 -9999.0 -9999.0 -9999.0 -9999.0 -9999.0 -9999.0 -9999.0 -9999.0 -9999.0 -9999.0 -9999.0 -9999.0 -9999.0 -9999.0 -9999.0 -9999.0 -9999.0 -9999.0 -9999.0
-9999.0 -9999.0 -9999.0 -9999.0 -9999.0 -9999.0 -9999.0 -9999.0 -9999.0 -9999.0 -9999.0 -9999.0 -9999.0 -9999.0 -9999.0 -9999.0 -9999.0 484.80 474.55 465.49 460.93 458.47 455.99 453.57 452.16 449.64 445.39 445.24 445.29 445.04 444.98 445.06 444.79 449.25 453.81 461.21 470.82 478.83 483.03 484.17 484.36 484.53 484.62 484.74 484.97 484.92 484.94 485.00 -9999.0 -9999.0 -9999.0 -9999.0 -9999.0 -9999.0 -9999.0 -9999.0 -9999.0 -9999.0 -9999.0 -9999.0 -9999.0 -9999.0 -9999.0 -9999.0 -9999.0 -9999.0 -9999.0 -9999.0 -9999.0 -9999.0
-9999.0 -9999.0 -9999.0 -9999.0 -9999.0 -9999.0 -9999.0 -9999.0 -9999.0 -9999.0 -9999.0 -9999.0 -9999.0 -9999.0 -9999.0 -9999.0 -9999.0 -9999.0 477.39 469.17 463.23 459.63 456.19 453.97 452.60 451.11 446.27 445.22 445.35 445.26 445.13 444.90 444.75 446.06 452.83 459.54 467.57 472.99 478.49 483.56 484.42 484.61 484.80 484.80 484.94 485.02 485.00 485.08 485.29 -9999.0 -9999.0 -9999.0 -9999.0 -9999.0 -9999.0 -9999.0 -9999.0 -9999.0 -9999.0 -9999.0 -9999.0 -9999.0 -9999.0 -9999.0 -9999.0 -9999.0 -9999.0 -9999.0 -9999.0 -9999.0
-9999.0 -9999.0 -9999.0 -9999.0 -9999.0 -9999.0 -9999.0 -9999.0 -9999.0 -9999.0 -9999.0 -9999.0 -9999.0 -9999.0 -9999.0 -9999.0 -9999.0 -9999.0 -9999.0 472.81 465.94 461.02 457.19 454.52 453.06 452.08 450.22 445.92 445.32 445.15 445.03 444.98 444.92 444.53 446.70 455.38 462.19 468.51 473.91 480.68 484.42 484.84 484.91 484.83 484.88 484.94 485.10 485.15 485.32 -9999.0 -9999.0 -9999.0 -9999.0 -9999.0 -9999.0 -9999.0 -9999.0 -9999.0 -9999.0 -9999.0 -9999.0 -9999.0 -9999.0 -9999.0 -9999.0 -9999.0 -9999.0 -9999.0 -9999.0 -9999.0
-9999.0 -9999.0 -9999.0 -9999.0 -9999.0 -9999.0 -9999.0 -9999.0 -9999.0 -9999.0 -9999.0 -9999.0 -9999.0 -9999.0 -9999.0 -9999.0 -9999.0 -9999.0 -9999.0 475.30 469.15 462.54 457.91 455.31 453.76 452.51 451.42 448.01 445.88 445.18 444.96 444.84 445.12 445.00 445.08 448.59 455.31 464.25 472.36 476.88 482.00 484.76 484.87 484.87 484.84 484.96 485.07 485.18 485.44 485.37 -9999.0 -9999.0 -9999.0 -9999.0 -9999.0 -9999.0 -9999.0 -9999.0 -9999.0 -9999.0 -9999.0 -9999.0 -9999.0 -9999.0 -9999.0 -9999.0 -9999.0 -9999.0 -9999.0 -9999.0
-9999.0 -9999.0 -9999.0 -9999.0 -9999.0 -9999.0 -9999.0 -9999.0 -9999.0 -9999.0 -9999.0 -9999.0 -9999.0 -9999.0 -9999.0 -9999.0 -9999.0 -9999.0 -9999.0 482.75 472.95 464.57 459.72 456.75 454.54 453.13 451.77 450.44 448.84 445.75 445.07 444.84 444.83 445.30 445.06 445.14 451.27 460.86 469.50 474.41 478.05 483.91 484.89 484.98 484.99 485.07 485.01 485.19 485.42 485.13 -9999.0 -9999.0 -9999.0 -9999.0 -9999.0 -9999.0 -9999.0 -9999.0 -9999.0 -9999.0 -9999.0 -9999.0 -9999.0 -9999.0 -9999.0 -9999.0 -9999.0 -9999.0 -9999.0 -9999.0
-9999.0 -9999.0 -9999.0 -9999.0 -9999.0 -9999.0 -9999.0 -9999.0 -9999.0 -9999.0 -9999.0 -9999.0 -9999.0 -9999.0 -9999.0 -9999.0 -9999.0 -9999.0 -9999.0 -9999.0 478.17 468.49 462.02 458.30 455.69 453.93 452.24 451.14 449.75 449.63 445.14 444.91 444.67 445.07 445.26 445.18 446.81 455.79 465.24 471.91 476.49 483.78 484.93 485.11 485.17 484.99 485.04 484.99 484.99 484.99 -9999.0 -9999.0 -9999.0 -9999.0 -9999.0 -9999.0 -9999.0 -9999.0 -9999.0 -9999.0 -9999.0 -9999.0 -9999.0 -9999.0 -9999.0 -9999.0 -9999.0 -9999.0 -9999.0 -9999.0
-9999.0 -9999.0 -9999.0 -9999.0 -9999.0 -9999.0 -9999.0 -9999.0 -9999.0 -9999.0 -9999.0 -9999.0 -9999.0 -9999.0 -9999.0 -9999.0 -9999.0 -9999.0 -9999.0 -9999.0 482.49 472.01 465.41 461.10 457.67 454.76 452.73 451.65 450.68 449.75 447.08 444.91 444.70 444.69 445.23 445.30 445.34 451.14 459.60 469.29 475.70 483.12 485.06 485.18 485.13 484.97 484.81 484.81 484.71 484.86 484.85 -9999.0 -9999.0 -9999.0 -9999.0 -9999.0 -9999.0 -9999.0 -9999.0 -9999.0 -9999.0 -9999.0 -9999.0 -9999.0 -9999.0 -9999.0 -9999.0 -9999.0 -9999.0 -9999.0
-9999.0 -9999.0 -9999.0 -9999.0 -9999.0 -9999.0 -9999.0 -9999.0 -9999.0 -9999.0 -9999.0 -9999.0 -9999.0 -9999.0 -9999.0 -9999.0 -9999.0 -9999.0 -9999.0 -9999.0 -9999.0 475.10 468.72 464.04 459.59 455.53 453.50 452.19 451.09 450.44 449.38 445.75 444.91 444.54 445.03 445.28 445.66 445.79 455.66 464.43 473.31 482.36 484.80 485.12 484.89 484.80 484.62 484.63 484.64 484.69 484.69 -9999.0 -9999.0 -9999.0 -9999.0 -9999.0 -9999.0 -9999.0 -9999.0 -9999.0 -9999.0 -9999.0 -9999.0 -9999.0 -9999.0 -9999.0 -9999.0 -9999.0 -9999.0 -9999.0
-9999.0 -9999.0 -9999.0 -9999.0 -9999.0 -9999.0 -9999.0 -9999.0 -9999.0 -9999.0 -9999.0 -9999.0 -9999.0 -9999.0 -9999.0 -9999.0 -9999.0 -9999.0 -9999.0 -9999.0 -9999.0 477.95 470.55 466.24 461.26 457.84 455.14 453.19 451.77 450.87 449.92 448.64 445.43 444.75 444.78 445.13 445.67 445.88 448.42 458.14 468.19 477.15 483.66 484.56 484.53 484.52 484.55 484.53 484.52 484.54 484.61 484.62 -9999.0 -9999.0 -9999.0 -9999.0 -9999.0 -9999.0 -9999.0 -9999.0 -9999.0 -9999.0 -9999.0 -9999.0 -9999.0 -9999.0 -9999.0 -9999.0 -9999.0 -9999.0
-9999.0 -9999.0 -9999.0 -9999.0 -9999.0 -9999.0 -9999.0 -9999.0 -9999.0 -9999.0 -9999.0 -9999.0 -9999.0 -9999.0 -9999.0 -9999.0 -9999.0 -9999.0 -9999.0 -9999.0 -9999.0 -9999.0 474.64 468.63 464.04 459.98 456.69 453.72 452.54 451.71 450.81 449.16 445.98 444.88 444.64 445.17 445.33 446.15 446.00 452.18 460.19 467.63 476.03 483.10 484.22 484.34 484.41 484.46 484.46 484.44 484.42 484.46 -9999.0 -9999.0 -9999.0 -9999.0 -9999.0 -9999.0 -9999.0 -9999.0 -9999.0 -9999.0 -9999.0 -9999.0 -9999.0 -9999.0 -9999.0 -9999.0 -9999.0 -9999.0
-9999.0 -9999.0 -9999.0 -9999.0 -9999.0 -9999.0 -9999.0 -9999.0 -9999.0 -9999.0 -9999.0 -9999.0 -9999.0 -9999.0 -9999.0 -9999.0 -9999.0 -9999.0 -9999.0 -9999.0 -9999.0 -9999.0 477.26 470.94 465.41 463.92 460.02 455.23 453.96 452.84 451.77 449.86 450.16 444.99 444.85 445.09 445.22 445.82 446.36 447.22 452.73 458.82 466.80 477.64 483.64 484.27 484.29 484.35 484.31 484.35 484.31 484.30 484.32 -9999.0 -9999.0 -9999.0 -9999.0 -9999.0 -9999.0 -9999.0 -9999.0 -9999.0 -9999.0 -9999.0 -9999.0 -9999.0 -9999.0 -9999.0 -9999.0 -9999.0
-9999.0 -9999.0 -9999.0 -9999.0 -9999.0 -9999.0 -9999.0 -9999.0 -9999.0 -9999.0 -9999.0 -9999.0 -9999.0 -9999.0 -9999.0 -9999.0 -9999.0 -9999.0 -9999.0 -9999.0 -9999.0 -9999.0 -9999.0 473.64 469.98 464.70 460.47 457.40 455.22 453.89 453.17 451.30 451.89 446.10 444.81 445.25 445.49 445.57 446.09 446.68 447.71 452.72 459.05 468.15 479.37 483.75 484.01 484.10 484.15 484.13 484.12 484.14 484.17 484.23 -9999.0 -9999.0 -9999.0 -9999.0 -9999.0 -9999.0 -9999.0 -9999.0 -9999.0 -9999.0 -9999.0 -9999.0 -9999.0 -9999.0 -9999.0 -9999.0
-9999.0 -9999.0 -9999.0 -9999.0 -9999.0 -9999.0 -9999.0 -9999.0 -9999.0 -9999.0 -9999.0 -9999.0 -9999.0 -9999.0 -9999.0 -9999.0 -9999.0 -9999.0 -9999.0 -9999.0 -9999.0 -9999.0 -9999.0 476.83 471.79 465.48 462.20 458.53 456.35 455.46 454.83 452.58 449.66 446.31 444.78 445.51 446.00 445.43 445.61 446.46 446.87 447.66 453.29 460.75 469.11 478.23 483.20 483.62 483.93 483.92 483.97 484.07 483.99 484.01 484.00 -9999.0 -9999.0 -9999.0 -9999.0 -9999.0 -9999.0 -9999.0 -9999.0 -9999.0 -9999.0 -9999.0 -9999.0 -9999.0 -9999.0 467.91
-9999.0 -9999.0 -9999.0 -9999.0 -9999.0 -9999.0 -9999.0 -9999.0 -9999.0 -9999.0 -9999.0 -9999.0 -9999.0 -9999.0 -9999.0 -9999.0 -9999.0 -9999.0 -9999.0 -9999.0 -9999.0 -9999.0 -9999.0 -9999.0 473.98 471.66 466.09 459.74 458.21 457.31 452.75 451.86 449.35 445.85 444.95 445.65 446.06 445.99 445.30 445.84 446.75 447.13 449.16 454.56 461.42 467.43 475.78 480.82 483.30 483.59 483.72 483.78 483.72 483.75 483.63 483.50 -9999.0 -9999.0 -9999.0 -9999.0 -9999.0 -9999.0 -9999.0 -9999.0 -9999.0 -9999.0 -9999.0 468.02 467.51 467.10
-9999.0 -9999.0 -9999.0 -9999.0 -9999.0 -9999.0 -9999.0 -9999.0 -9999.0 -9999.0 -9999.0 -9999.0 -9999.0 -9999.0 -9999.0 -9999.0 -9999.0 -9999.0 -9999.0 -9999.0 -9999.0 -9999.0 -9999.0 -9999.0 476.02 472.22 469.29 463.12 460.27 455.95 456.14 455.26 448.76 445.27 445.28 445.59 446.22 448.36 445.57 445.21 446.04 446.73 446.68 450.88 454.99 459.86 465.82 471.61 478.03 483.06 483.42 483.46 483.40 483.15 480.88 478.94 476.26 -9999.0 -9999.0 -9999.0 -9999.0 -9999.0 -9999.0 -9999.0 469.63 468.88 468.26 467.61 467.01 466.64
-9999.0 -9999.0 -9999.0 -9999.0 -9999.0 -9999.0 -9999.0 -9999.0 -9999.0 -9999.0 -9999.0 -9999.0 -9999.0 -9999.0 -9999.0 -9999.0 -9999.0 -9999.0 -9999.0 -9999.0 -9999.0 -9999.0 -9999.0 -9999.0 -9999.0 470.64 467.00 463.95 459.28 459.54 457.84 455.80 449.18 445.37 445.38 445.33 446.19 448.82 447.14 445.20 445.75 446.19 446.74 446.67 449.86 454.36 459.08 465.24 474.46 482.57 483.13 483.03 482.67 478.18 475.57 473.57 471.94 471.28 470.84 -9999.0 -9999.0 -9999.0 469.69 469.49 469.03 468.43 467.78 467.25 466.93 466.88
-9999.0 -9999.0 -9999.0 -9999.0 -9999.0 -9999.0 -9999.0 -9999.0 -9999.0 -9999.0 -9999.0 -9999.0 -9999.0 -9999.0 -9999.0 -9999.0 -9999.0 -9999.0 -9999.0 -9999.0 -9999.0 -9999.0 -9999.0 -9999.0 -9999.0 471.04 466.71 464.37 462.91 461.17 458.53 456.43 450.48 445.52 445.19 445.32 445.78 446.95 448.35 446.66 445.39 445.95 446.19 446.34 446.40 449.46 453.39 460.11 470.77 480.60 482.50 481.97 479.57 474.07 470.82 469.85 469.45 469.27 469.02 469.56 469.22 468.96 468.90 468.61 468.23 467.93 467.43 467.14 467.08 467.19
-9999.0 -9999.0 -9999.0 -9999.0 -9999.0 -9999.0 -9999.0 -9999.0 -9999.0 -9999.0 -9999.0 -9999.0 -9999.0 -9999.0 -9999.0 -9999.0 -9999.0 -9999.0 -9999.0 -9999.0 -9999.0 -9999.0 -9999.0 -9999.0 -9999.0 -9999.0 465.71 467.40 465.39 464.71 459.45 456.39 451.72 445.98 444.55 445.32 445.41 446.55 447.62 447.24 446.60 445.80 445.84 446.17 446.45 446.54 447.21 452.86 459.80 472.50 478.79 477.65 472.68 468.60 467.35 468.42 468.02 467.60 467.75 468.65 468.64 468.45 468.19 467.98 467.69 467.34 467.23 467.34 467.43 467.33
-9999.0 -9999.0 -9999.0 -9999.0 -9999.0 -9999.0 -9999.0 -9999.0 -9999.0 -9999.0 -9999.0 -9999.0 -9999.0 -9999.0 -9999.0 -9999.0 -9999.0 -9999.0 -9999.0 -9999.0 -9999.0 -9999.0 -9999.0 -9999.0 -9999.0 -9999.0 469.98 470.46 470.04 468.38 461.61 458.68 452.79 448.13 445.53 445.47 445.15 445.83 447.21 447.55 446.73 446.54 446.13 445.82 446.04 446.25 446.30 446.37 449.13 457.75 465.19 466.03 464.20 464.61 466.71 466.93 465.41 465.29 468.15 468.84 468.05 467.99 467.90 467.57 467.29 467.19 467.18 467.49 467.48 467.22
-9999.0 -9999.0 -9999.0 -9999.0 -9999.0 -9999.0 -9999.0 -9999.0 -9999.0 -9999.0 -9999.0 -9999.0 -9999.0 -9999.0 -9999.0 -9999.0 -9999.0 -9999.0 -9999.0 -9999.0 -9999.0 -9999.0 -9999.0 -9999.0 -9999.0 -9999.0 472.14 476.63 476.36 469.97 466.96 462.37 457.33 453.47 447.68 446.15 445.23 445.44 446.38 446.89 446.57 446.69 449.24 447.03 446.10 446.13 446.24 446.21 446.10 446.07 449.36 453.88 458.11 461.75 464.38 461.60 462.40 466.03 468.10 469.06 468.98 467.94 467.96 467.51 467.15 466.93 466.91 467.30 467.28 466.75
-9999.0 -9999.0 -9999.0 -9999.0 -9999.0 -9999.0 -9999.0 -9999.0 -9999.0 -9999.0 -9999.0 -9999.0 -9999.0 -9999.0 -9999.0 -9999.0 -9999.0 -9999.0 -9999.0 -9999.0 -9999.0 -9999.0 -9999.0 -9999.0 -9999.0 -9999.0 -9999.0 481.76 481.82 478.54 473.39 465.12 461.81 457.45 451.90 446.23 445.26 445.22 445.90 446.55 446.54 446.70 446.91 449.28 448.48 446.14 446.36 446.30 446.26 446.10 446.00 446.07 447.53 450.59 453.13 456.30 460.88 464.50 466.89 468.42 467.90 467.95 468.34 467.99 466.87 466.84 466.68 466.48 466.68 465.89
-9999.0 -9999.0 -9999.0 -9999.0 -9999.0 -9999.0 -9999.0 -9999.0 -9999.0 -9999.0 -9999.0 -9999.0 -9999.0 -9999.0 -9999.0 -9999.0 -9999.0 -9999.0 -9999.0 -9999.0 -9999.0 -9999.0 -9999.0 -9999.0 -9999.0 -9999.0 -9999.0 486.16 485.87 485.44 475.70 464.74 460.65 455.95 454.56 449.08 445.59 445.13 445.36 446.09 446.41 446.40 446.39 447.33 449.33 449.26 446.82 446.46 446.41 446.43 446.30 446.15 446.23 446.09 446.43 449.31 451.37 457.78 464.21 466.39 466.81 467.99 469.47 469.00 467.42 466.79 466.44 466.25 465.88 465.70
-9999.0 -9999.0 -9999.0 -9999.0 -9999.0 -9999.0 -9999.0 -9999.0 -9999.0 -9999.0 -9999.0 -9999.0 -9999.0 -9999.0 -9999.0 -9999.0 -9999.0 -9999.0 -9999.0 -9999.0 -9999.0 -9999.0 -9999.0 -9999.0 -9999.0 -9999.0 -9999.0 -9999.0 486.63 481.27 475.84 473.93 466.22 463.84 459.89 454.90 448.45 445.64 445.03 445.73 446.08 446.37 446.44 446.48 446.93 449.32 449.11 448.80 448.02 446.99 446.32 446.47 446.24 446.17 446.34 446.27 446.23 448.64 456.19 463.53 465.52 466.98 468.50 469.31 469.07 466.73 466.27 465.93 465.73 465.85
-9999.0 -9999.0 -9999.0 -9999.0 -9999.0 -9999.0 -9999.0 -9999.0 -9999.0 -9999.0 -9999.0 -9999.0 -9999.0 -9999.0 -9999.0 -9999.0 -9999.0 -9999.0 -9999.0 -9999.0 -9999.0 -9999.0 -9999.0 -9999.0 -9999.0 -9999.0 -9999.0 -9999.0 485.36 484.09 481.28 478.72 478.50 468.51 460.48 457.20 459.04 447.81 445.72 445.35 445.96 446.07 446.12 446.16 446.21 446.59 449.17 449.01 449.24 449.36 449.49 448.45 446.77 446.31 446.17 446.18 446.17 446.09 447.83 451.74 459.82 465.60 466.95 467.75 468.83 468.49 466.88 466.27 465.88 465.90
-9999.0 -9999.0 -9999.0 -9999.0 -9999.0 -9999.0 -9999.0 -9999.0 -9999.0 -9999.0 -9999.0 -9999.0 -9999.0 -9999.0 -9999.0 -9999.0 -9999.0 -9999.0 -9999.0 -9999.0 -9999.0 -9999.0 -9999.0 -9999.0 -9999.0 -9999.0 -9999.0 -9999.0 -9999.0 491.03 487.09 482.03 482.15 472.70 464.63 460.09 463.56 458.08 448.44 445.59 445.48 445.98 446.20 446.18 446.16 446.05 446.34 449.11 449.19 449.08 449.51 449.78 450.44 450.15 447.75 446.27 446.08 446.15 446.20 446.64 449.36 456.51 463.00 465.78 466.99 468.04 467.88 467.35 465.53 464.88
-9999.0 -9999.0 -9999.0 -9999.0 -9999.0 -9999.0 -9999.0 -9999.0 -9999.0 -9999.0 -9999.0 -9999.0 -9999.0 -9999.0 -9999.0 -9999.0 -9999.0 -9999.0 -9999.0 -9999.0 -9999.0 -9999.0 -9999.0 -9999.0 -9999.0 -9999.0 -9999.0 -9999.0 -9999.0 496.37 491.70 485.66 485.64 478.56 468.71 464.11 466.10 464.35 458.54 449.43 445.90 445.51 445.94 446.16 446.22 446.19 445.97 446.15 448.78 449.34 449.34 449.52 449.85 450.67 451.09 450.44 448.83 446.46 446.01 446.17 446.52 447.04 451.24 458.68 464.15 465.48 466.22 465.67 464.47 463.64
-9999.0 -9999.0 -9999.0 -9999.0 -9999.0 -9999.0 -9999.0 -9999.0 -9999.0 -9999.0 -9999.0 -9999.0 -9999.0 -9999.0 -9999.0 -9999.0 -9999.0 -9999.0 -9999.0 -9999.0 -9999.0 -9999.0 -9999.0 -9999.0 -9999.0 -9999.0 -9999.0 -9999.0 -9999.0 -9999.0 492.79 490.83 489.58 485.35 475.18 470.82 468.81 465.82 468.79 463.99 452.98 446.79 445.43 445.72 446.08 446.17 446.25 446.10 446.14 448.19 449.49 449.47 449.51 450.86 450.74 450.86 449.85 450.25 447.78 446.11 445.92 446.22 446.46 447.56 451.76 461.22 463.24 463.62 463.10 462.78
-9999.0 -9999.0 -9999.0 -9999.0 -9999.0 -9999.0 -9999.0 -9999.0 -9999.0 -9999.0 -9999.0 -9999.0 -9999.0 -9999.0 -9999.0 -9999.0 -9999.0 -9999.0 -9999.0 -9999.0 -9999.0 -9999.0 -9999.0 -9999.0 -9999.0 -9999.0 -9999.0 -9999.0 -9999.0 -9999.0 495.49 497.32 492.75 493.11 481.13 478.09 472.72 470.34 473.82 474.77 461.43 456.91 448.16 445.81 445.55 445.91 446.15 446.20 446.22 446.18 448.59 449.68 449.77 449.82 450.40 452.11 451.35 450.90 449.56 448.71 446.80 446.04 446.08 445.89 446.47 447.05 456.92 461.43 461.46 461.78
